<?xml version="1.0" encoding="UTF-8"?>
<document version="1.2.0">
  <chunk label="Copy of RIFT_ForVisualisation" enabled="true">
    <sensors next_id="2">
      <sensor id="0" label="unknown" type="frame">
        <resolution width="640" height="512"/>
        <property name="layer_index" value="0"/>
        <bands>
          <band/>
        </bands>
        <data_type>uint8</data_type>
        <calibration type="frame" class="adjusted">
          <resolution width="640" height="512"/>
          <f>773.73270872853072</f>
        </calibration>
      </sensor>
      <sensor id="1" label="unknown" type="frame">
        <resolution width="994" height="663"/>
        <property name="layer_index" value="0"/>
        <bands>
          <band label="Red"/>
          <band label="Green"/>
          <band label="Blue"/>
        </bands>
        <data_type>uint8</data_type>
        <calibration type="frame" class="adjusted">
          <resolution width="994" height="663"/>
          <f>1013.2214438608421</f>
        </calibration>
      </sensor>
    </sensors>
    <components next_id="1" active_id="0">
      <component id="0" label="Component 1">
        <transform>
          <rotation locked="true">0.99900879733371872 -0.024808952290831389 -0.036958608416275802 0.039280252824337072 0.10074672216871 0.99413638888751932 -0.020940023588633054 -0.99460274173083396 0.10162136366736776</rotation>
          <translation locked="true">999.59453537619925 1002.8533203485084 101.14485388253293</translation>
          <scale locked="true">0.74882383728349777</scale>
        </transform>
        <region>
          <center>-0.056322234065727853 -1.6479364806631209 8.8996360301971418</center>
          <size>22.242881298065186 12.827364921569824 6.0472918510437026</size>
          <R>-0.99961911662094005 -0.027597494197325094 0 0.027597494197325097 -0.99961911662094005 0 0 0 1</R>
        </region>
        <partition/>
      </component>
    </components>
    <cameras next_id="95" next_group_id="0">
      <camera id="0" sensor_id="0" component_id="0" label="22-18-41-880-radiometric">
        <transform>0.99986690960348246 0.0040046957154691943 0.015815356215017885 5.1591234358379605 -0.0039190600260629663 0.99997751253060296 -0.0054420034564255145 -0.15728310583078933 -0.015836794135604515 0.0053792978476874245 0.99986011976984679 0.1078382565357785 0 0 0 1</transform>
      </camera>
      <camera id="1" sensor_id="0" component_id="0" label="22-18-49-049-radiometric">
        <transform>0.9996582088858661 0.01382623026880847 0.022187851713410318 4.1110783208963539 -0.013924061684697233 0.99989397738793562 0.0042608085542262253 -0.10155313703677306 -0.022126588379213514 -0.0045682972636312824 0.99974473979451794 0.14059977736721066 0 0 0 1</transform>
      </camera>
      <camera id="2" sensor_id="0" component_id="0" label="22-18-55-169-radiometric">
        <transform>0.99389922600276903 0.033137258710823701 0.10519624820414396 3.2743351550310389 -0.035924400991496699 0.99904895293496909 0.024710869125612434 -0.088560865481907988 -0.1042773511578525 -0.028339225901088672 0.99414441723062974 0.2276496245310049 0 0 0 1</transform>
      </camera>
      <camera id="3" sensor_id="0" component_id="0" label="22-19-01-151-radiometric">
        <transform>0.99789954229524924 0.03331594405652314 0.055556739992143493 2.2013479043128861 -0.034220042314668186 0.99929563487879092 0.015402039351171905 -0.011925899988227132 -0.055004474280864975 -0.017270842012344027 0.99833672967855402 0.33252571357429589 0 0 0 1</transform>
      </camera>
      <camera id="4" sensor_id="0" component_id="0" label="22-19-06-615-radiometric">
        <transform>0.99758991016514553 0.022851812122608253 0.065514622943354292 1.1722931167841899 -0.024607084975241948 0.99935613479055274 0.026111438595122511 -0.018924259823487322 -0.064875746667904313 -0.027660631576279179 0.99750991321143412 0.49150080958492404 0 0 0 1</transform>
      </camera>
      <camera id="5" sensor_id="0" component_id="0" label="22-19-12-315-radiometric">
        <transform>0.99231844423457005 0.028590975562585944 0.12036054730791769 0.33846369751695116 -0.032084688499662527 0.99911525938964907 0.027189542449883058 0.019896579094935769 -0.11947668390008781 -0.030842415131340978 0.99235783235338282 0.59877598930111764 0 0 0 1</transform>
      </camera>
      <camera id="6" sensor_id="0" component_id="0" label="22-19-17-855-radiometric">
        <transform>0.99419836763684954 0.025306355627406865 0.10454278623168077 -0.70092212559892453 -0.027919649182276355 0.99933131128462815 0.023609817358140217 0.056329516176320003 -0.10387540121589087 -0.026391639793792998 0.99424010297876864 0.69046530059172628 0 0 0 1</transform>
      </camera>
      <camera id="7" sensor_id="0" component_id="0" label="22-19-24-355-radiometric">
        <transform>0.99725363404684542 0.032021103831850563 0.066782020707292694 -1.6079865428204392 -0.034369328227992595 0.99881992076615 0.034314940738093325 0.094590273785994161 -0.065604410351103176 -0.03651595254258283 0.99717733957024512 0.72731432367759064 0 0 0 1</transform>
      </camera>
      <camera id="8" sensor_id="0" component_id="0" label="22-19-30-440-radiometric">
        <transform>0.99648621837999274 0.034788633780315048 0.076190337566130098 -2.5230856318741242 -0.037918991086112172 0.99847864113848084 0.040031903592815159 0.10334929687375846 -0.074681769487292396 -0.042780300956774542 0.99628935513549222 0.76908937739947114 0 0 0 1</transform>
      </camera>
      <camera id="9" sensor_id="0" component_id="0" label="22-19-36-056-radiometric">
        <transform>0.99973487543508388 0.022002538467339461 -0.0067872777893964887 -3.4068529661452032 -0.021735082803529673 0.9990699688349991 0.037239542794696878 0.12213154482085821 0.0076003298823732824 -0.037082147632352624 0.99928331783966629 0.82698429773066162 0 0 0 1</transform>
      </camera>
      <camera id="10" sensor_id="0" component_id="0" label="22-19-41-395-radiometric">
        <transform>0.9997688907926392 0.021285842136429509 0.0030129599729984608 -4.3590032429789529 -0.021355988007883506 0.99944505178113874 0.025563846471220147 0.20267172513457124 -0.0024671399358416326 -0.02562228316797668 0.99966865101682434 0.91489810548460582 0 0 0 1</transform>
      </camera>
      <camera id="11" sensor_id="0" component_id="0" label="22-19-46-822-radiometric">
        <transform>0.99845071882786596 0.027779898225287893 0.048212439543235751 -5.1817969416466383 -0.02922768850176987 0.99913475027431231 0.029588731286268322 0.19524506369521785 -0.047348751799398313 -0.03095202818685916 0.99839875182922722 1.0156233965317873 0 0 0 1</transform>
      </camera>
      <camera id="12" sensor_id="0" component_id="0" label="22-20-05-688-radiometric">
        <transform>0.99777633087286044 0.035596658247639842 0.056349547216403909 -5.3460878466022814 -0.020054202553394559 0.96659763125569453 -0.25551291202369392 0.16116779379212884 -0.063562744668873628 0.25381469061597128 0.96516210053942675 0.97821320222892993 0 0 0 1</transform>
      </camera>
      <camera id="13" sensor_id="0" component_id="0" label="22-20-12-482-radiometric">
        <transform>0.991683905945832 0.059589913797181454 0.11407047322450863 -4.5755478230474189 -0.028008918910362449 0.96503235344458427 -0.26063011580912765 0.15096008425042948 -0.12561262336840037 0.255267700618098 0.95867610269144465 0.9200754367858236 0 0 0 1</transform>
      </camera>
      <camera id="14" sensor_id="0" component_id="0" label="22-20-18-060-radiometric">
        <transform>0.99122047572349747 0.06202368662890545 0.11676913463515656 -3.7555011178620896 -0.030612520946682761 0.96680568676117895 -0.25367230358778697 0.12848275975656692 -0.12862675486761255 0.24787058386021721 0.96021629416971588 0.88087354932773088 0 0 0 1</transform>
      </camera>
      <camera id="15" sensor_id="0" component_id="0" label="22-20-23-347-radiometric">
        <transform>0.98809832478101356 0.06840777501035844 0.13777545820314099 -2.8948089333078815 -0.032848590853880789 0.96884859336770979 -0.2454656253089712 0.10205272743901941 -0.15027531614961789 0.23801844350289736 0.95956477108561566 0.87418301050023006 0 0 0 1</transform>
      </camera>
      <camera id="16" sensor_id="0" component_id="0" label="22-20-28-391-radiometric">
        <transform>0.99128720785829327 0.061605350689580042 0.11642358997609831 -1.952308116740548 -0.03206473111438346 0.97015830506357092 -0.24034291363537527 0.073648515939090595 -0.12775572220089046 0.23451576467818339 0.96368087641207012 0.79963427795966602 0 0 0 1</transform>
      </camera>
      <camera id="17" sensor_id="0" component_id="0" label="22-20-36-355-radiometric">
        <transform>0.99225482191511127 0.055120433499336444 0.11131983739233667 -1.0493724919086007 -0.026233142136826506 0.96893024214344292 -0.2459390333263079 0.04554392793824423 -0.12141742313127925 0.2411139225982083 0.96287168703283887 0.69376525483022966 0 0 0 1</transform>
      </camera>
      <camera id="18" sensor_id="0" component_id="0" label="22-20-41-263-radiometric">
        <transform>0.99343713775041387 0.062005628913688778 0.096114282608168511 -0.34470456206135491 -0.036230904126661953 0.96763003642908907 -0.24975875197158659 0.024348155399978266 -0.10848951527419409 0.24463731232838898 0.96352613378792829 0.66281043483035795 0 0 0 1</transform>
      </camera>
      <camera id="19" sensor_id="0" component_id="0" label="22-20-45-898-radiometric">
        <transform>0.98448558205817305 0.07634681545985525 0.15798513375858794 0.5463715375042969 -0.032447619817922671 0.96406201430267247 -0.26368842323246755 -0.0051296338131105483 -0.17243923766861083 0.25447120927093558 0.95158242573329199 0.57873519868725165 0 0 0 1</transform>
      </camera>
      <camera id="20" sensor_id="0" component_id="0" label="22-20-51-085-radiometric">
        <transform>0.99168437798839215 0.056084513928561702 0.11583014180761635 1.4047381234042342 -0.024849237797333328 0.96655457848662585 -0.25525430885184314 -0.023212320096701922 -0.12627196773103336 0.25025341976472087 0.95991073338170074 0.53898875467556717 0 0 0 1</transform>
      </camera>
      <camera id="21" sensor_id="0" component_id="0" label="22-20-55-966-radiometric">
        <transform>0.98249091798574906 0.088496570707182587 0.16395106906814969 2.301135638837299 -0.042821012482680013 0.96369029893284008 -0.26356663034741534 -0.039948613434450844 -0.18132279769923781 0.25193126982532654 0.95060647921141361 0.45057961696358895 0 0 0 1</transform>
      </camera>
      <camera id="22" sensor_id="0" component_id="0" label="22-21-01-162-radiometric">
        <transform>0.99623806193325626 0.0425170489771328 0.07551175075274888 3.1582535699938608 -0.022131213746645836 0.96730177723079713 -0.25266080254808276 -0.068751992476255547 -0.083785042421481493 0.25003914156071061 0.9646038017517935 0.37415638676668495 0 0 0 1</transform>
      </camera>
      <camera id="23" sensor_id="0" component_id="0" label="22-21-06-098-radiometric">
        <transform>0.99142481355069934 0.062785999043823454 0.11460696924720656 3.9643806451365924 -0.030236907231086494 0.96343347723340156 -0.26623610646765183 -0.095233291333510203 -0.12713209082312704 0.26048772191799191 0.95707030996312636 0.28580438191702051 0 0 0 1</transform>
      </camera>
      <camera id="24" sensor_id="0" component_id="0" label="22-21-11-500-radiometric">
        <transform>0.98842824124071726 0.042368495982041544 0.14565205960096045 5.0379513250543191 0.00074136333578118268 0.95883984999712357 -0.28394646051306643 -0.11036734794922187 -0.1516873834509197 0.28076868166822661 0.94771297611465677 0.15670353302154327 0 0 0 1</transform>
      </camera>
      <camera id="25" sensor_id="0" component_id="0" label="22-21-16-504-radiometric">
        <transform>0.98818038906484928 0.073167630561964694 0.13470715090740529 5.6672859421049324 -0.030043221383007315 0.95413683620689305 -0.29785953508664426 -0.099935630543375786 -0.15032273120381434 0.29029191451201036 0.94505750134707522 0.08598652015931986 0 0 0 1</transform>
      </camera>
      <camera id="26" sensor_id="0" component_id="0" label="22-21-48-419-radiometric">
        <transform>0.999755543399236 0.02209765807755458 0.00073956067067535304 5.5502356724938382 -0.022096110661271384 0.9997537720614027 -0.002038907217591571 -0.26182320664404229 -0.00078443364472214163 0.0020220673788435861 0.99999764795092028 0.0013605524745847288 0 0 0 1</transform>
      </camera>
      <camera id="27" sensor_id="0" component_id="0" label="22-21-54-574-radiometric">
        <transform>0.99581680067363187 0.00040352194609490771 0.091371421495849259 4.8734873997068462 0.00082767533865037428 0.99990938562213483 -0.013436349887496146 -0.15929834905213708 -0.091368563793390728 0.013455768829927106 0.99572623136860705 0.14079907214615472 0 0 0 1</transform>
      </camera>
      <camera id="28" sensor_id="0" component_id="0" label="22-22-01-026-radiometric">
        <transform>0.99793735290650787 0.023003803645453319 0.059932167421115415 3.9511319836571643 -0.023141030237675223 0.99973093568629312 0.0015965435628239044 -0.12027135092057703 -0.059879315238988678 -0.0029801425553859229 0.99820117529326691 0.28343540771505316 0 0 0 1</transform>
      </camera>
      <camera id="29" sensor_id="0" component_id="0" label="22-22-06-364-radiometric">
        <transform>0.99550434651094721 0.032050266119820946 0.089128427112008635 3.2284728525064974 -0.032664624767881338 0.99945154995667052 0.0054425708981328258 -0.017201108310228246 -0.088905108776636085 -0.0083294496130504325 0.99600527202548383 0.34443351799218647 0 0 0 1</transform>
      </camera>
      <camera id="30" sensor_id="0" component_id="0" label="22-22-48-283-radiometric">
        <transform>0.9998875692515079 -0.014201752423433347 -0.0048123886391796458 4.9834940395183072 0.014176483796055172 0.99988575318660577 -0.0052447956712976668 -0.16018200388784923 0.0048863241287480721 0.0051759832454309485 0.99997466619607511 0.22799412860925336 0 0 0 1</transform>
      </camera>
      <camera id="31" sensor_id="0" component_id="0" label="22-22-53-996-radiometric">
        <transform>0.99197345107109203 0.029749692598189766 0.12289681916315665 4.0168979009578818 -0.029511528624335419 0.99955737481904772 -0.003758207432868893 -0.11664701638696089 -0.12295422745218416 0.00010116900045062382 0.99241233754748837 0.23160853715636376 0 0 0 1</transform>
      </camera>
      <camera id="32" sensor_id="0" component_id="0" label="22-22-59-961-radiometric">
        <transform>0.979615883892057 0.078517667064541788 0.18489915085019959 3.0478851713555604 -0.075913752420725095 0.99689044650679981 -0.021131489698497541 -0.040183450157207923 -0.18598339232250807 0.0066643545985051456 0.98253028663649722 0.37692228456852905 0 0 0 1</transform>
      </camera>
      <camera id="33" sensor_id="0" component_id="0" label="22-23-05-097-radiometric">
        <transform>0.97521900746134316 0.050385111350908049 0.21542801127120978 2.5334596288746849 -0.04958853160332858 0.9987282345183649 -0.0091044554617867868 -0.024026861112674776 -0.21561276636492921 -0.0018039207262447801 0.97647728127718159 0.40043995005396604 0 0 0 1</transform>
      </camera>
      <camera id="34" sensor_id="0" component_id="0" label="22-23-10-635-radiometric">
        <transform>0.99101795459147812 0.039775535636566363 0.12767662449386724 1.7471188088701866 -0.039903578808431338 0.99920232373412299 -0.0015558414471129045 0.003872853450719479 -0.12763666430772566 -0.0035528874388988108 0.99181462931096331 0.44874251948617638 0 0 0 1</transform>
      </camera>
      <camera id="35" sensor_id="0" component_id="0" label="22-23-16-177-radiometric">
        <transform>0.98701392863792226 0.037215478988793196 0.15626424030586816 1.0552208907130507 -0.037888891228506076 0.99928107045525749 0.0013319726979680868 -0.0097162004125523095 -0.15610232732477078 -0.0072353544093146649 0.98771438839897496 0.55606705581568405 0 0 0 1</transform>
      </camera>
      <camera id="36" sensor_id="0" component_id="0" label="22-23-41-134-radiometric">
        <transform>0.98870026791439569 0.034652272879151604 0.14584580971118768 0.38895827004024547 -0.036108919231681955 0.99932082132549405 0.0073513275849166893 0.010762118915545373 -0.14549201413796917 -0.012534594115873765 0.98928001989953651 0.62179376398442532 0 0 0 1</transform>
      </camera>
      <camera id="37" sensor_id="0" component_id="0" label="22-23-56-385-radiometric">
        <transform>0.9999917223138699 0.0011505507587430393 0.0039027601376158136 -0.91122395107633058 -0.001218937821872341 0.99984496531259837 0.017565862621447603 0.071120004717097132 -0.0038819446578507908 -0.017570474438691697 0.99983809135963253 0.68970349984532986 0 0 0 1</transform>
      </camera>
      <camera id="38" sensor_id="0" component_id="0" label="22-24-04-581-radiometric">
        <transform>0.99722428094452797 0.032832490443270197 0.066826350087082292 -1.6202438535221435 -0.033971237815538499 0.99929511803765503 0.015975671109178691 0.069257014826597435 -0.066254724329279632 -0.018201500965609685 0.99763671587740288 0.74896962463174488 0 0 0 1</transform>
      </camera>
      <camera id="39" sensor_id="0" component_id="0" label="22-24-10-475-radiometric">
        <transform>0.99556672136938862 0.040005459257537339 0.085126180058780004 -2.2948859338153484 -0.04178923351581177 0.99894048546148384 0.019276059455616723 0.098061219921833226 -0.084264840022201803 -0.022747961129934824 0.99618370143285517 0.77929573811100983 0 0 0 1</transform>
      </camera>
      <camera id="40" sensor_id="0" component_id="0" label="22-24-17-742-radiometric">
        <transform>0.99816040458861899 0.026112744651717288 0.054716828108358609 -2.7504672788254023 -0.027374483258211971 0.99937338771497886 0.022438128117861778 0.10477429402564779 -0.054096620761664244 -0.023894695935330557 0.9982497679079757 0.81672826278466981 0 0 0 1</transform>
      </camera>
      <camera id="41" sensor_id="0" component_id="0" label="22-24-24-922-radiometric">
        <transform>0.99566630386251709 0.031749294654337359 0.087410489311675096 -3.3030422642144233 -0.032809027693531986 0.99940421780352007 0.010713409277133268 0.15501717158902084 -0.087018268510465374 -0.013534833781261468 0.99611476709260482 0.84527110210975775 0 0 0 1</transform>
      </camera>
      <camera id="42" sensor_id="0" component_id="0" label="22-24-34-298-radiometric">
        <transform>0.99412252896618147 0.034594517284130752 0.10258468099946011 -3.8951252870708006 -0.035503599913189451 0.99934469089663991 0.0070486289378735023 0.14717138676595529 -0.10227361240851512 -0.010649326296889916 0.99469930132394069 0.84727008709755158 0 0 0 1</transform>
      </camera>
      <camera id="43" sensor_id="0" component_id="0" label="22-24-55-588-radiometric">
        <transform>0.99773364992571079 0.031131812336109087 0.059652108651648245 -4.572198723802444 -0.031133459651423851 0.99951482932420288 -0.00090202613227630124 0.19366368522170435 -0.059651248906053271 -0.00095719469254346157 0.99821881983975302 0.88386258078686331 0 0 0 1</transform>
      </camera>
      <camera id="44" sensor_id="0" component_id="0" label="22-25-39-729-radiometric">
        <transform>0.99953287909711874 0.014645455538938649 0.026824135324036762 0.51553698598827702 -0.014843173364147644 0.99986400681137688 0.0071866603912598137 0.03897629280681178 -0.02671523550910836 -0.0075814586429278075 0.99961433446931847 0.66766776571693998 0 0 0 1</transform>
      </camera>
    </cameras>
    <markers next_id="6" next_group_id="0">
      <marker id="0" label="P1">
        <reference x="997.11099999999999" y="1009.6704" z="104.11539999999999" enabled="true"/>
      </marker>
      <marker id="1" label="P2">
        <reference x="999.89200000000005" y="1009.5859" z="104.1069" enabled="false"/>
      </marker>
      <marker id="2" label="P3">
        <reference x="1003.6426" y="1009.4734999999999" z="104.0804" enabled="true"/>
      </marker>
      <marker id="3" label="P4">
        <reference x="1003.857" y="1009.4746" z="101.40049999999999" enabled="false"/>
      </marker>
      <marker id="4" label="P5">
        <reference x="999.28150000000005" y="1009.6053000000001" z="101.3301" enabled="true"/>
      </marker>
      <marker id="5" label="P6">
        <reference x="995.99919999999997" y="1009.7005" z="101.3318" enabled="false"/>
      </marker>
    </markers>
    <transform>
      <rotation locked="true">0.99900879733371872 -0.024808952290831389 -0.036958608416275802 0.039280252824337072 0.10074672216871 0.99413638888751932 -0.020940023588633054 -0.99460274173083396 0.10162136366736776</rotation>
      <translation locked="true">999.59453537619925 1002.8533203485084 101.14485388253293</translation>
      <scale locked="true">0.74882383728349777</scale>
    </transform>
    <reference>LOCAL_CS["Local Coordinates (m)",LOCAL_DATUM["Local Datum",0],UNIT["metre",1,AUTHORITY["EPSG","9001"]]]</reference>
    <region>
      <center>-0.056322234065727853 -1.6479364806631209 8.8996360301971418</center>
      <size>22.242881298065186 12.827364921569824 6.0472918510437026</size>
      <R>-0.99961911662094005 -0.027597494197325094 0 0.027597494197325097 -0.99961911662094005 0 0 0 1</R>
    </region>
    <settings>
      <property name="accuracy_tiepoints" value="1"/>
      <property name="accuracy_cameras" value="10"/>
      <property name="accuracy_cameras_ypr" value="10"/>
      <property name="accuracy_markers" value="0.0050000000000000001"/>
      <property name="accuracy_scalebars" value="0.001"/>
      <property name="accuracy_projections" value="0.5"/>
    </settings>
    <meta>
      <property name="Info/LastSavedDateTime" value="2024:11:27 09:04:38"/>
      <property name="Info/LastSavedSoftwareVersion" value="2.1.1.17821"/>
    </meta>
    <frames next_id="1">
      <frame id="0">
        <markers>
          <marker marker_id="0">
            <location camera_id="12" pinned="true" x="468.613251" y="195.736404"/>
            <location camera_id="13" pinned="true" x="359.409882" y="200.049606"/>
            <location camera_id="14" pinned="true" x="289.720734" y="192.641006"/>
            <location camera_id="15" pinned="true" x="201.087509" y="181.655518"/>
            <location camera_id="16" pinned="true" x="138.009216" y="178.0242"/>
            <location camera_id="17" pinned="true" x="64.0258865" y="184.105469"/>
            <location camera_id="18" pinned="true" x="15.9766817" y="184.659286"/>
          </marker>
          <marker marker_id="1">
            <location camera_id="14" pinned="true" x="594.159302" y="201.071381"/>
            <location camera_id="15" pinned="true" x="509.905273" y="192.607285"/>
            <location camera_id="16" pinned="true" x="450.33429" y="185.78688"/>
            <location camera_id="17" pinned="true" x="378.015442" y="189.7061"/>
            <location camera_id="18" pinned="true" x="332.023682" y="191.399811"/>
            <location camera_id="19" pinned="true" x="207.588028" y="199.197418"/>
            <location camera_id="20" pinned="true" x="167.483459" y="193.26738"/>
            <location camera_id="21" pinned="true" x="50.8379517" y="188.800323"/>
            <location camera_id="22" pinned="true" x="51.5421371" y="194.893402"/>
          </marker>
          <marker marker_id="2">
            <location camera_id="19" pinned="true" x="614.132141" y="216.424652"/>
            <location camera_id="20" pinned="true" x="583.295532" y="202.275604"/>
            <location camera_id="21" pinned="true" x="471.489655" y="212.564148"/>
            <location camera_id="22" pinned="true" x="471.021667" y="197.513733"/>
            <location camera_id="23" pinned="true" x="373.078735" y="210.26265"/>
            <location camera_id="24" pinned="true" x="256.677246" y="222.942429"/>
            <location camera_id="25" pinned="true" x="213.095871" y="229.907486"/>
            <location camera_id="26" pinned="true" x="331.719543" y="10.0204306"/>
            <location camera_id="27" pinned="true" x="315.131592" y="8.80196285"/>
            <location camera_id="32" pinned="true" x="420.234192" y="13.7988348"/>
            <location camera_id="33" pinned="true" x="432.661499" y="3.98967075"/>
          </marker>
          <marker marker_id="3">
            <location camera_id="0" pinned="true" x="383.029602" y="312.948883"/>
            <location camera_id="1" pinned="true" x="474.052887" y="302.697449"/>
            <location camera_id="2" pinned="true" x="483.021393" y="288.996338"/>
            <location camera_id="3" pinned="true" x="625.006348" y="294.953918"/>
            <location camera_id="26" pinned="true" x="357.668549" y="319.997131"/>
            <location camera_id="27" pinned="true" x="350.978577" y="319.027618"/>
            <location camera_id="28" pinned="true" x="460.793945" y="307.982788"/>
            <location camera_id="29" pinned="true" x="503.469086" y="298.171631"/>
            <location camera_id="30" pinned="true" x="417.961914" y="312.697693"/>
            <location camera_id="31" pinned="true" x="403.107605" y="309.907867"/>
            <location camera_id="32" pinned="true" x="438.87088" y="323.888306"/>
            <location camera_id="33" pinned="true" x="460.106567" y="309.974823"/>
          </marker>
          <marker marker_id="4">
            <location camera_id="3" pinned="true" x="66.5732346" y="297.96698"/>
            <location camera_id="4" pinned="true" x="150.974274" y="296.0224"/>
            <location camera_id="5" pinned="true" x="183.992828" y="292.799957"/>
            <location camera_id="6" pinned="true" x="294.01828" y="295.095795"/>
            <location camera_id="7" pinned="true" x="406.765808" y="286.981934"/>
            <location camera_id="8" pinned="true" x="482.705261" y="284.45108"/>
            <location camera_id="34" pinned="true" x="43.0265961" y="310.044708"/>
            <location camera_id="35" pinned="true" x="84.4357224" y="311.937195"/>
            <location camera_id="36" pinned="true" x="158.009094" y="308.011383"/>
            <location camera_id="37" pinned="true" x="392.664673" y="298.918915"/>
            <location camera_id="38" pinned="true" x="407.919556" y="303.750519"/>
            <location camera_id="44" pinned="true" x="241.458267" y="309.213776"/>
          </marker>
          <marker marker_id="5">
            <location camera_id="8" pinned="true" x="78.9725876" y="280.007172"/>
            <location camera_id="9" pinned="true" x="225.829544" y="286.527893"/>
            <location camera_id="10" pinned="true" x="305.388123" y="290.475098"/>
            <location camera_id="11" pinned="true" x="346.996338" y="290.002319"/>
            <location camera_id="39" pinned="true" x="48.8733826" y="295.34845"/>
            <location camera_id="40" pinned="true" x="116.958855" y="296.998596"/>
            <location camera_id="41" pinned="true" x="140.414673" y="301.658966"/>
            <location camera_id="42" pinned="true" x="183.431992" y="305.935913"/>
            <location camera_id="43" pinned="true" x="280.020172" y="310.987152"/>
          </marker>
        </markers>
      </frame>
    </frames>
  </chunk>
</document>
