<?xml version="1.0" encoding="UTF-8"?>
<document version="1.2.0">
  <chunk label="RGBonly_100%" enabled="true">
    <sensors next_id="1">
      <sensor id="0" label="ILCE-7RM2, FE 35mm F2.8 ZA (35mm)" type="frame">
        <resolution width="7952" height="5304"/>
        <property name="pixel_width" value="0.0046201480584873974"/>
        <property name="pixel_height" value="0.0046201480584873974"/>
        <property name="focal_length" value="35"/>
        <property name="layer_index" value="0"/>
        <bands>
          <band label="Red"/>
          <band label="Green"/>
          <band label="Blue"/>
        </bands>
        <data_type>uint8</data_type>
        <calibration type="frame" class="initial">
          <resolution width="7952" height="5304"/>
          <f>8058.2218800000001</f>
          <cx>-18.2316</cx>
          <cy>1.25525</cy>
          <k1>0.064912800000000007</k1>
          <k2>-0.217414</k2>
          <p1>0.000489691</p1>
          <p2>-0.000875398</p2>
        </calibration>
        <calibration type="frame" class="adjusted">
          <resolution width="7952" height="5304"/>
          <f>8028.155491988412</f>
          <cx>-15.454247430347747</cx>
          <cy>-9.8600769963077468</cy>
          <k1>0.057595433725133934</k1>
          <k2>-0.22720716319065398</k2>
          <k3>-0.00089837416873452978</k3>
          <p1>0.00072859054892919224</p1>
          <p2>-0.00081997704966361919</p2>
        </calibration>
        <covariance>
          <params>f cx cy k1 k2 k3 p1 p2</params>
          <coeffs>0.0064114785208900385 -0.00049153136763812829 0.0014386678859298451 -1.2590408909216202e-07 3.3387051929313247e-06 -7.8204993551497963e-06 -2.5634378283724533e-08 4.248714824532278e-08 -0.00049153136763812829 0.0097010957455694255 -0.00034454479851363007 -1.5782272021496453e-07 8.5055917650525123e-07 -1.343921988726913e-06 2.1597594565018033e-07 -7.2972922740039042e-09 0.0014386678859298451 -0.00034454479851363007 0.013149219533749314 5.2118417724539762e-08 2.9721638060443938e-07 -1.3669140805917195e-06 -5.753039502198855e-09 3.4027124447998295e-07 -1.2590408909216202e-07 -1.5782272021496453e-07 5.2118417724539762e-08 1.9596601433790378e-09 -1.2265812762786801e-08 2.2676000328975037e-08 -3.3844644094498285e-12 -4.1302493566561412e-13 3.3387051929313247e-06 8.5055917650525123e-07 2.9721638060443938e-07 -1.2265812762786801e-08 8.2944318793006996e-08 -1.606494625956327e-07 1.4503371962016344e-11 8.4820251757556178e-12 -7.8204993551497963e-06 -1.343921988726913e-06 -1.3669140805917195e-06 2.2676000328975037e-08 -1.606494625956327e-07 3.2197057868417678e-07 -1.8740231919408322e-11 -3.7456640409765079e-11 -2.5634378283724533e-08 2.1597594565018033e-07 -5.753039502198855e-09 -3.3844644094498285e-12 1.4503371962016344e-11 -1.8740231919408322e-11 6.5041134223610295e-12 -2.6055728494223719e-13 4.248714824532278e-08 -7.2972922740039042e-09 3.4027124447998295e-07 -4.1302493566561412e-13 8.4820251757556178e-12 -3.7456640409765079e-11 -2.6055728494223719e-13 1.0442660883698659e-11</coeffs>
        </covariance>
        <black_level>0 0 0</black_level>
        <sensitivity>1 1 1</sensitivity>
        <meta>
          <property name="Exif/LensModel" value="FE 35mm F2.8 ZA"/>
          <property name="Exif/Make" value="SONY"/>
          <property name="Exif/Model" value="ILCE-7RM2"/>
          <property name="Exif/Software" value="Adobe Bridge 2024"/>
        </meta>
      </sensor>
    </sensors>
    <components next_id="1" active_id="0">
      <component id="0" label="Component 1">
        <transform>
          <rotation locked="true">0.99870626752993408 -0.021446779897133079 -0.046106689628202885 -0.049846222942889824 -0.23356810274504211 -0.97106194212233921 0.010057099718866586 0.97210389208773629 -0.23433496907870874</rotation>
          <translation locked="true">999.35194247177992 1002.6921209571967 101.20847054949579</translation>
          <scale locked="true">0.63698291746713986</scale>
        </transform>
        <region>
          <center>1.0795077140973812 3.5182302263326255 -12.737064362801423</center>
          <size>41.563756831487019 28.911951859792076 17.85523327191671</size>
          <R>-0.99504704522463405 -0.051609990053833633 -0.084957558323956017 0.00086701977328081407 -0.85913325387224904 0.51175120944419328 -0.099401338353353838 0.5091428689646208 0.85492275260168216</R>
        </region>
        <partition>
          <camera_ids>0 1 2 3 4 5 6 7 8 9 10 11 12 13 14 15 16 17 18 19 20 21 22 23 24 25 26 27 28 29 30 31 32 33 34 35 36 37 38 39 40 41 42 43 44 45 46 47 48 49</camera_ids>
        </partition>
      </component>
    </components>
    <cameras next_id="50" next_group_id="0">
      <camera id="0" sensor_id="0" component_id="0" label="_A726144_1">
        <transform>0.99842981253767293 -0.018587027647817118 -0.052843465435245256 6.7507861505120976 -0.024175352040996637 -0.99394750946306221 -0.1071629636855464 -0.45771939675613732 -0.050531789891914154 0.10827220712350508 -0.99283617348227404 -0.83277441014877907 0 0 0 1</transform>
        <orientation>1</orientation>
      </camera>
      <camera id="1" sensor_id="0" component_id="0" label="_A726145_1">
        <transform>0.99803227710509113 -0.034296792303267792 -0.052490988694559149 5.308186649614405 -0.039869584615451682 -0.9932314972815548 -0.10909449587597064 -0.40637064586936467 -0.048394112028398273 0.11097262205403347 -0.99264449178718339 -0.81735000145409842 0 0 0 1</transform>
        <rotation_covariance>8.1105492702329487e-11 -4.8663918453056907e-12 -8.9957752866297325e-12 -4.8663918453056899e-12 1.5194431973436039e-10 -5.0354180990465783e-12 -8.9957752866297357e-12 -5.0354180990465783e-12 1.3782405944886605e-11</rotation_covariance>
        <location_covariance>1.5131699968795289e-08 -8.0071415246027761e-10 -2.1981125803166814e-09 -8.0071415246027761e-10 8.6948542058248149e-09 3.2591541556187618e-10 -2.1981125803166814e-09 3.2591541556187618e-10 1.621680585854833e-09</location_covariance>
        <orientation>1</orientation>
      </camera>
      <camera id="2" sensor_id="0" component_id="0" label="_A726146_1">
        <transform>0.99953609252678177 0.0030256878267066745 -0.030305856685923119 4.0155811039671976 -0.0010195102099059404 -0.9911715082486503 -0.13258205698746375 -0.39333676870209711 -0.030439453596020568 0.13255144831072421 -0.99070861165910173 -0.86765060165948882 0 0 0 1</transform>
        <rotation_covariance>1.5411148000017073e-10 -3.0926691886677827e-12 -4.1616593747260214e-12 -3.0926691886677827e-12 1.5487210846427224e-10 3.7491001826316087e-13 -4.1616593747260214e-12 3.7491001826316289e-13 1.6626640036439717e-11</rotation_covariance>
        <location_covariance>1.5046288212832834e-08 -2.702738960569586e-11 -2.2408756011149755e-10 -2.702738960569586e-11 1.6485969135018984e-08 -2.3451070035303295e-10 -2.2408756011149755e-10 -2.3451070035303295e-10 1.575445660511541e-09</location_covariance>
        <orientation>1</orientation>
      </camera>
      <camera id="3" sensor_id="0" component_id="0" label="_A726147_1">
        <transform>0.99879780782470906 -0.0040030061889239519 -0.048856064372870413 2.8118803301787665 -0.010579790104397545 -0.99077396887344105 -0.13511110481421026 -0.40341357479145362 -0.047864466213481498 0.13546556220759956 -0.98962521912584545 -0.92492701923235221 0 0 0 1</transform>
        <rotation_covariance>1.6419707993175453e-10 1.387886618940051e-11 -3.4382589725483636e-12 1.3878866189400509e-11 1.6942620845854091e-10 1.9789413877163732e-12 -3.4382589725483628e-12 1.9789413877163772e-12 2.0318801667584757e-11</rotation_covariance>
        <location_covariance>1.6326627330147891e-08 2.0190046728611698e-09 6.2150442349322469e-10 2.0190046728611698e-09 1.7353581171052546e-08 -1.630389955322357e-10 6.2150442349322469e-10 -1.630389955322357e-10 2.0658082207027316e-09</location_covariance>
        <orientation>1</orientation>
      </camera>
      <camera id="4" sensor_id="0" component_id="0" label="_A726148_1">
        <transform>0.99864379659329994 -0.0083047580731256069 -0.051396483528226122 1.4814936994389523 -0.015388157183380347 -0.99017272940425416 -0.13900061353328094 -0.39549871821792754 -0.049737029909514542 0.13960299759487904 -0.98895764869801395 -0.95131207862474454 0 0 0 1</transform>
        <rotation_covariance>1.4404927859097187e-10 2.3715185826368194e-11 9.2937046421668085e-14 2.3715185826368198e-11 1.8826877291406823e-10 4.6277674499745027e-12 9.2937046421667278e-14 4.6277674499745027e-12 2.5895335252491846e-11</rotation_covariance>
        <location_covariance>1.9039386403774045e-08 3.094925873286962e-09 8.7036974617219141e-10 3.094925873286962e-09 1.5060519380287724e-08 1.6403500841895354e-10 8.7036974617219141e-10 1.6403500841895354e-10 3.0231090916184763e-09</location_covariance>
        <orientation>1</orientation>
      </camera>
      <camera id="5" sensor_id="0" component_id="0" label="_A726149_1">
        <transform>0.99950292501630633 -0.0016423460368698052 -0.031483417593120774 0.029172512442567144 -0.0063624920141182005 -0.98860186847104536 -0.15041896273717473 -0.38217063487088726 -0.030877525471091936 0.15054450622673762 -0.98812090862693969 -0.96210416729690806 0 0 0 1</transform>
        <rotation_covariance>1.328338447998799e-10 2.4787774560582537e-11 2.5920030302685193e-12 2.4787774560582534e-11 1.8649713799378399e-10 1.1000759032665401e-11 2.5920030302685197e-12 1.1000759032665401e-11 3.4222895533638528e-11</rotation_covariance>
        <location_covariance>2.0328161305524364e-08 2.8736115133420387e-09 8.5470737885195298e-10 2.8736115133420387e-09 1.4029503858969709e-08 4.917896052924553e-10 8.5470737885195298e-10 4.917896052924553e-10 4.8570141962408236e-09</location_covariance>
        <orientation>1</orientation>
      </camera>
      <camera id="6" sensor_id="0" component_id="0" label="_A726150_1">
        <transform>0.99812349113164989 -0.0036616283211502736 -0.061123554618535622 -1.4053030209610287 -0.013047161395260918 -0.98800523971644039 -0.15386818343109399 -0.35316896670280112 -0.059826984135031999 0.15437693730248864 -0.98619901297781176 -0.9281162338121608 0 0 0 1</transform>
        <rotation_covariance>1.2882385025633656e-10 2.3349708429190983e-11 -4.9379381052057521e-12 2.3349708429190979e-11 1.9837438970308502e-10 1.492451423379471e-11 -4.9379381052057513e-12 1.4924514233794706e-11 4.1776931486930778e-11</rotation_covariance>
        <location_covariance>2.3339217688959435e-08 1.9358974839086677e-09 -9.1929138464913548e-11 1.9358974839086677e-09 1.4322173171953351e-08 1.1889892033564295e-09 -9.1929138464913548e-11 1.1889892033564295e-09 7.5768240581201111e-09</location_covariance>
        <orientation>1</orientation>
      </camera>
      <camera id="7" sensor_id="0" component_id="0" label="_A726151_1">
        <transform>0.99987948934070903 0.0032748480542919146 -0.015175050773712603 -2.9716726472095396 0.0007912310698477633 -0.98697686443217403 -0.16086032148739501 -0.35095418413052515 -0.015504217141073674 0.16082892913234029 -0.98686051436106559 -0.94557253862354795 0 0 0 1</transform>
        <rotation_covariance>1.2616528581373658e-10 1.3799035808001716e-11 -4.6133389036180953e-12 1.3799035808001718e-11 2.1919694097503229e-10 2.311693147065187e-11 -4.6133389036180953e-12 2.3116931470651874e-11 5.6887831295202316e-11</rotation_covariance>
        <location_covariance>2.9701427050888776e-08 3.7436378322627625e-10 -1.4816473270476773e-09 3.7436378322627625e-10 1.4873251171422274e-08 1.8491709799113698e-09 -1.4816473270476773e-09 1.8491709799113698e-09 1.1757248267900233e-08</location_covariance>
        <orientation>1</orientation>
      </camera>
      <camera id="8" sensor_id="0" component_id="0" label="_A726152_1">
        <transform>0.99990505536687158 -0.00072083725295281386 -0.013760837381066836 -4.4519005424330578 -0.0027378456869632459 -0.98911376684815822 -0.14712736126377657 -0.31784938751602715 -0.013504978814044385 0.14715106735971076 -0.98902182934560645 -0.88615621174847736 0 0 0 1</transform>
        <rotation_covariance>1.1318303213189716e-10 9.6637545593150276e-12 -2.9675290730003594e-12 9.6637545593150276e-12 2.5100225231054159e-10 2.7333012964736724e-11 -2.9675290730003594e-12 2.7333012964736727e-11 6.7397041386072087e-11</rotation_covariance>
        <location_covariance>3.711238147361347e-08 -3.5942185823643811e-10 -3.1717003075873347e-09 -3.5942185823643811e-10 1.4701774547026727e-08 2.5618647336720606e-09 -3.1717003075873347e-09 2.5618647336720606e-09 1.6965050798511124e-08</location_covariance>
        <orientation>1</orientation>
      </camera>
      <camera id="9" sensor_id="0" component_id="0" label="_A726153_1">
        <transform>0.99975212677042169 0.0017900840248560677 0.022191904316710143 -5.6605076462904744 0.0049324159165415847 -0.98980184564258866 -0.14236564766737642 -0.29115194462328531 0.02171074137942576 0.14243981873657802 -0.9895653297014031 -0.84163391692501621 0 0 0 1</transform>
        <rotation_covariance>1.0743150081729739e-10 5.5767986321812115e-12 -2.4158375316950384e-12 5.5767986321812107e-12 2.8080267205005476e-10 3.1761060314603283e-11 -2.4158375316950384e-12 3.1761060314603289e-11 8.3689825310981246e-11</rotation_covariance>
        <location_covariance>4.4957641147709549e-08 -1.301886556211991e-09 -5.0444828992075027e-09 -1.301886556211991e-09 1.5361969790955547e-08 3.0081099857650251e-09 -5.0444828992075027e-09 3.0081099857650251e-09 2.2695430769136625e-08</location_covariance>
        <orientation>1</orientation>
      </camera>
      <camera id="10" sensor_id="0" component_id="0" label="_A726154_1">
        <transform>0.99997370665463081 -0.007238057516260399 0.00044330890986458114 -7.1872346425310161 -0.0070802284687659306 -0.98772568506613301 -0.15603794867104662 -0.26930607291314496 0.0015672792438922378 0.15603070718300746 -0.98775096155445075 -0.82839017349498389 0 0 0 1</transform>
        <rotation_covariance>1.3456857915305501e-10 8.2909521411508201e-12 -2.4510010222510536e-12 8.2909521411508201e-12 3.659889548603124e-10 4.952050009986258e-11 -2.4510010222510528e-12 4.9520500099862573e-11 1.0277472470617931e-10</rotation_covariance>
        <location_covariance>5.9470615880916551e-08 -2.8716878394241234e-09 -7.4517147861158077e-09 -2.8716878394241234e-09 1.9868830492651167e-08 3.6566749512435741e-09 -7.4517147861158077e-09 3.6566749512435741e-09 3.1017637148890254e-08</location_covariance>
        <orientation>1</orientation>
      </camera>
      <camera id="11" sensor_id="0" component_id="0" label="_A726155_1">
        <transform>0.99990141928080667 -0.0074064963872755799 0.011928769068631082 -7.354725323442362 -0.0085744637081539756 -0.99484526236700743 0.1010414890925348 0.26976604117546366 0.011118915969868932 -0.1011338111473343 -0.99481069654003529 1.1566426178240399 0 0 0 1</transform>
        <rotation_covariance>8.8016339475840413e-11 -3.3341038718404129e-11 -4.5167199065849063e-12 -3.3341038718404129e-11 3.5210425742081668e-10 -1.332879331455323e-11 -4.5167199065849071e-12 -1.3328793314553226e-11 9.0440370264022242e-11</rotation_covariance>
        <location_covariance>5.8328770851097519e-08 -3.5705012707667672e-09 -6.8518762150083346e-09 -3.5705012707667672e-09 1.7388547625927446e-08 4.9369125183695076e-09 -6.8518762150083346e-09 4.9369125183695076e-09 4.1658411921282516e-08</location_covariance>
        <orientation>1</orientation>
      </camera>
      <camera id="12" sensor_id="0" component_id="0" label="_A726156_1">
        <transform>0.99974901605864441 0.014078819371054149 0.017426753423671171 -5.875925377171332 0.012126992790481099 -0.99413758283584097 0.10744022728554861 0.25192239353215312 0.018837222078422918 -0.10720192740071401 -0.9940588040080629 1.1872118582600002 0 0 0 1</transform>
        <rotation_covariance>8.1246720173538238e-11 -3.213562913720087e-11 -5.5466248211616594e-12 -3.213562913720087e-11 2.8417394372974967e-10 -1.2447159449066397e-11 -5.5466248211616594e-12 -1.2447159449066402e-11 7.6254561474257411e-11</rotation_covariance>
        <location_covariance>4.4279485012890744e-08 -1.7037541706906346e-09 -5.0325980424954655e-09 -1.7037541706906346e-09 1.4887492440223468e-08 4.22832072040277e-09 -5.0325980424954655e-09 4.22832072040277e-09 3.1647927859080766e-08</location_covariance>
        <orientation>1</orientation>
      </camera>
      <camera id="13" sensor_id="0" component_id="0" label="_A726157_1">
        <transform>0.99972988324108325 0.01621271867422432 0.016652576616264177 -4.5863695612282873 0.014207659387294047 -0.99335954332347942 0.11417074976938196 0.23355044556445448 0.018393014149527688 -0.11390331620000677 -0.99332156504786306 1.1740859061503459 0 0 0 1</transform>
        <rotation_covariance>7.8311778791385642e-11 -3.0335577606341821e-11 -4.8131093992076837e-12 -3.0335577606341815e-11 2.454727776486489e-10 -1.6060376556888773e-11 -4.8131093992076845e-12 -1.6060376556888773e-11 6.6668174498754037e-11</rotation_covariance>
        <location_covariance>3.6312207820967683e-08 -8.1665928007468846e-10 -3.477862918268658e-09 -8.1665928007468846e-10 1.3495637640311727e-08 3.5089491801829393e-09 -3.477862918268658e-09 3.5089491801829393e-09 2.4460972907726369e-08</location_covariance>
        <orientation>1</orientation>
      </camera>
      <camera id="14" sensor_id="0" component_id="0" label="_A726158_1">
        <transform>0.99972752172061163 0.010862804037087304 0.020661118140526548 -3.2828868278914261 0.0084198623219182908 -0.99334696087257646 0.11485173591938219 0.21502955303001303 0.021771270813732868 -0.11464647754583376 -0.99316775871626406 1.1491503154547416 0 0 0 1</transform>
        <rotation_covariance>7.3687781343184439e-11 -2.3681317162424536e-11 -5.7073835087132805e-12 -2.3681317162424533e-11 2.0608023821111779e-10 -1.5957484621535567e-11 -5.7073835087132805e-12 -1.5957484621535564e-11 5.6635227252566173e-11</rotation_covariance>
        <location_covariance>2.8978769780195457e-08 9.0410798550039225e-11 -1.9916856701378552e-09 9.0410798550039225e-11 1.211933153223714e-08 2.9051038836248723e-09 -1.9916856701378552e-09 2.9051038836248723e-09 1.8628919855798029e-08</location_covariance>
        <orientation>1</orientation>
      </camera>
      <camera id="15" sensor_id="0" component_id="0" label="_A726159_1">
        <transform>0.99986373743294488 0.0043256781784808034 0.015930947081687966 -2.0727391622425464 0.0024596173704333731 -0.99332275723710406 0.11534231763437183 0.19455883736863308 0.01632350602702709 -0.11528741675991128 -0.99319804404147516 1.1281434900044842 0 0 0 1</transform>
        <rotation_covariance>7.2306197381687283e-11 -1.8323347094056689e-11 -6.4234118046494003e-12 -1.8323347094056679e-11 1.8057118239765178e-10 -1.6536757283875249e-11 -6.4234118046493995e-12 -1.6536757283875249e-11 4.8200962684048619e-11</rotation_covariance>
        <location_covariance>2.4094604099842375e-08 6.9914937553919088e-10 -7.4604769153044695e-10 6.9914937553919088e-10 1.1521168510062439e-08 2.5322937550376128e-09 -7.4604769153044695e-10 2.5322937550376128e-09 1.4408310856606218e-08</location_covariance>
        <orientation>1</orientation>
      </camera>
      <camera id="16" sensor_id="0" component_id="0" label="_A726160_1">
        <transform>0.99986438757350848 -0.0082620193017422482 -0.014245894121106625 -1.0228354099228854 -0.0065191467896063976 -0.99295435809435961 0.11831797609219766 0.17164659241706154 -0.015123068054720454 -0.11820905962943792 -0.99287356246107028 1.1102659408654163 0 0 0 1</transform>
        <rotation_covariance>7.1026823236742976e-11 -1.569858030297289e-11 -6.9994388697335455e-12 -1.569858030297289e-11 1.6635333961288068e-10 -1.8917138702976125e-11 -6.9994388697335471e-12 -1.8917138702976125e-11 4.0977043473056226e-11</rotation_covariance>
        <location_covariance>2.0747797695506297e-08 9.7390040256006386e-10 -1.0506685205537637e-10 9.7390040256006386e-10 1.1124398816139021e-08 2.1766360127894059e-09 -1.0506685205537637e-10 2.1766360127894059e-09 1.1061171791998663e-08</location_covariance>
        <orientation>1</orientation>
      </camera>
      <camera id="17" sensor_id="0" component_id="0" label="_A726161_1">
        <transform>0.99995687075377271 0.0024817477447859259 -0.0089497240434339414 0.21223295508994899 0.0034029977253472554 -0.99452560057153183 0.10443777771627762 0.14571129843551686 -0.0086415414599277946 -0.10446372928420937 -0.99449115281395628 1.071478046075315 0 0 0 1</transform>
        <rotation_covariance>6.8679797675033167e-11 -1.3475986225962435e-11 -6.0799504212513229e-12 -1.3475986225962435e-11 1.432249323128875e-10 -1.6837180705552238e-11 -6.0799504212513229e-12 -1.6837180705552238e-11 3.4396414581078674e-11</rotation_covariance>
        <location_covariance>1.7213901344902776e-08 9.0374342679638884e-10 2.6373026237875947e-10 9.0374342679638884e-10 1.0470821899343651e-08 1.7812539331339435e-09 2.6373026237875947e-10 1.7812539331339435e-09 8.104093925181935e-09</location_covariance>
        <orientation>1</orientation>
      </camera>
      <camera id="18" sensor_id="0" component_id="0" label="_A726162_1">
        <transform>0.99956827953466321 0.020993325201505805 0.020555652388028051 1.4815397747134309 0.018534905046824028 -0.99339459572196076 0.1132414874739272 0.13651807282557163 0.022797189366648676 -0.11281160174107135 -0.9933548362340594 1.0980249452933859 0 0 0 1</transform>
        <rotation_covariance>7.0275194866300846e-11 -8.8923491682269184e-12 -5.5381945713316689e-12 -8.8923491682269168e-12 1.2307284736616154e-10 -1.6885042226623419e-11 -5.5381945713316673e-12 -1.6885042226623419e-11 3.072588047675827e-11</rotation_covariance>
        <location_covariance>1.5177433626018351e-08 1.1891185174440859e-09 7.4267097552770161e-10 1.1891185174440859e-09 1.0474638355465782e-08 1.6540505534290967e-09 7.4267097552770161e-10 1.6540505534290967e-09 6.5106055267286494e-09</location_covariance>
        <orientation>1</orientation>
      </camera>
      <camera id="19" sensor_id="0" component_id="0" label="_A726163_1">
        <transform>0.99984673207650698 0.0071964849470491617 0.015960042617005104 2.7319664896453784 0.0054110437825350133 -0.99400315921975113 0.10921739818516911 0.12576033161514003 0.016650314144580382 -0.1091142981719682 -0.99388975091472076 1.0775009681560905 0 0 0 1</transform>
        <rotation_covariance>6.6467381975196723e-11 -5.3780910117496659e-12 -6.2133840031469341e-12 -5.3780910117496659e-12 1.0970622820356655e-10 -1.7779351954772953e-11 -6.2133840031469333e-12 -1.7779351954772956e-11 2.6098774440432549e-11</rotation_covariance>
        <location_covariance>1.3815520937392048e-08 9.8426278686565145e-10 6.8499431833203428e-10 9.8426278686565145e-10 9.8250486670982584e-09 1.3469376766541443e-09 6.8499431833203428e-10 1.3469376766541443e-09 4.8345916148553925e-09</location_covariance>
        <orientation>1</orientation>
      </camera>
      <camera id="20" sensor_id="0" component_id="0" label="_A726164_1">
        <transform>0.99959003796247914 0.0028973043130784831 0.028484410365795031 3.8772012333022259 -0.00026209012871736498 -0.99389916030691161 0.11029229551505908 0.10335375934699889 0.028630181887896268 -0.11025454534364609 -0.99349094002720117 1.0515016113720521 0 0 0 1</transform>
        <rotation_covariance>6.2117971741064958e-11 -3.5006716288600101e-12 -5.9271386658370257e-12 -3.5006716288600101e-12 9.5986990830540624e-11 -1.7264821061194464e-11 -5.9271386658370257e-12 -1.7264821061194468e-11 2.2731711329926326e-11</rotation_covariance>
        <location_covariance>1.2489699498521388e-08 5.6332653152256158e-10 3.231771347749407e-11 5.6332653152256158e-10 8.9773548903699903e-09 1.1413411028945769e-09 3.231771347749407e-11 1.1413411028945769e-09 3.8530978340133661e-09</location_covariance>
        <orientation>1</orientation>
      </camera>
      <camera id="21" sensor_id="0" component_id="0" label="_A726165_1">
        <transform>0.99988586704100291 -0.008915058908636312 0.0121973200465493 4.9397444278820517 -0.010130257613764791 -0.99457824695844943 0.10349632146958782 0.066967963803557073 0.011208513386759621 -0.1036080711224423 -0.99455504464355604 1.0114522512471213 0 0 0 1</transform>
        <rotation_covariance>5.4703488576785971e-11 -2.2242620029677766e-12 -6.9123222750059145e-12 -2.2242620029677766e-12 8.862376427880694e-11 -1.6905887575791927e-11 -6.9123222750059137e-12 -1.6905887575791927e-11 1.970311234207959e-11</rotation_covariance>
        <location_covariance>1.2066073565917491e-08 1.2551210866861807e-10 -7.862547162648894e-10 1.2551210866861807e-10 7.8010982856804048e-09 9.2330125467661582e-10 -7.862547162648894e-10 9.2330125467661582e-10 3.2047168042263245e-09</location_covariance>
        <orientation>1</orientation>
      </camera>
      <camera id="22" sensor_id="0" component_id="0" label="_A726166_1">
        <transform>0.99965886148311434 0.0054958442526914317 0.025533436005241057 5.9996351137043247 0.0027501459224640173 -0.99432509151014203 0.10634871457028777 0.039252461114129972 0.025973012064231915 -0.10624221425261016 -0.99400100329678409 1.0172316354865591 0 0 0 1</transform>
        <rotation_covariance>4.5729682944460177e-11 -2.1185436903179678e-12 -6.4544322191219007e-12 -2.1185436903179678e-12 6.8655657542033922e-11 -1.2448956194838188e-11 -6.4544322191218983e-12 -1.2448956194838188e-11 1.8090156339225624e-11</rotation_covariance>
        <location_covariance>9.6783468929661561e-09 -2.3357360305055691e-10 -1.7094944909991564e-09 -2.3357360305055691e-10 6.1251845897421559e-09 6.6849018139245124e-10 -1.7094944909991564e-09 6.6849018139245124e-10 3.274597022179239e-09</location_covariance>
        <orientation>1</orientation>
      </camera>
      <camera id="23" sensor_id="0" component_id="0" label="_A726167_1">
        <transform>0.9986147405824779 0.032796405663984056 0.041146028567932653 7.1055375215996701 0.028554236898025307 -0.99460183649012746 0.099758921433807546 0.037204010937425223 0.044195649633885746 -0.098445836001267939 -0.99416053126617832 1.0559932737689377 0 0 0 1</transform>
        <rotation_covariance>4.9493492084603647e-11 6.5457552748015371e-12 -6.3678326088040215e-12 6.5457552748015363e-12 9.1891476334611338e-11 -1.2171826864983522e-11 -6.3678326088040224e-12 -1.2171826864983523e-11 1.7946385594965728e-11</rotation_covariance>
        <location_covariance>1.4630877521558632e-08 1.1453437419864778e-09 -2.3283474788957698e-09 1.1453437419864778e-09 6.5912284173614797e-09 7.5292313161158876e-10 -2.3283474788957698e-09 7.5292313161158876e-10 4.1921156395747417e-09</location_covariance>
        <orientation>1</orientation>
      </camera>
      <camera id="24" sensor_id="0" component_id="0" label="_A726169_1">
        <transform>0.99927602156691142 -0.032725833093110043 -0.019402385672051693 6.7265368725949086 -0.033033276528626164 -0.99933026083238563 -0.015742694383733047 -0.20251201174170366 -0.018874198345584074 0.016372221383740448 -0.99968780877020458 0.12646488196710726 0 0 0 1</transform>
        <rotation_covariance>3.5516406572570759e-11 2.8973498994662329e-12 -7.6931123392145195e-12 2.8973498994662325e-12 7.8467881113918215e-11 -5.2174763252788136e-12 -7.6931123392145195e-12 -5.2174763252788128e-12 1.3468354786606905e-11</rotation_covariance>
        <location_covariance>9.4919043941020476e-09 2.0476924561489709e-10 -2.5579927806221314e-09 2.0476924561489709e-10 4.1693849902823825e-09 3.1938621050445133e-10 -2.5579927806221314e-09 3.1938621050445133e-10 2.2303499981365034e-09</location_covariance>
        <orientation>1</orientation>
      </camera>
      <camera id="25" sensor_id="0" component_id="0" label="_A726170_1">
        <transform>0.99935275286768022 -0.034863011918539195 0.0088682431043176999 5.5510510103058808 -0.034872834747430963 -0.99939130106321317 0.00095538257059012708 -0.19525919049934459 0.0088295375002236873 -0.0012640249782379595 -0.99996021996296758 0.047697441314111466 0 0 0 1</transform>
        <rotation_covariance>6.2070759085187729e-11 5.8864712342947438e-12 -9.4212823145515175e-12 5.8864712342947454e-12 1.1929177481206049e-10 -1.3340101254711384e-11 -9.4212823145515191e-12 -1.3340101254711384e-11 1.5549430440095662e-11</rotation_covariance>
        <location_covariance>1.4023046032321392e-08 5.2068180788455507e-10 -1.8812325407931213e-09 5.2068180788455507e-10 7.5689021302705588e-09 4.2888211171892827e-10 -1.8812325407931213e-09 4.2888211171892827e-10 1.8741369612487789e-09</location_covariance>
        <orientation>1</orientation>
      </camera>
      <camera id="26" sensor_id="0" component_id="0" label="_A726171_1">
        <transform>0.99852655108749189 -0.023724047350546239 -0.048804675499657585 4.6330639043577602 -0.023148774500942559 -0.99965612947197924 0.012318971069337742 -0.16504493589789562 -0.049080148863082575 -0.011171051267079762 -0.99873236985749403 0.043680362786003582 0 0 0 1</transform>
        <rotation_covariance>9.0050576346903572e-11 2.3383370863753541e-13 -9.116910682761414e-12 2.3383370863753511e-13 1.2167946637161521e-10 -1.3355749071414762e-11 -9.1169106827614124e-12 -1.3355749071414762e-11 1.5917136999652355e-11</rotation_covariance>
        <location_covariance>1.380634726401197e-08 4.3262056252130649e-10 -1.0314207871690301e-09 4.3262056252130649e-10 1.1794817946046578e-08 8.2578284930059966e-10 -1.0314207871690301e-09 8.2578284930059966e-10 1.7358782203702288e-09</location_covariance>
        <orientation>1</orientation>
      </camera>
      <camera id="27" sensor_id="0" component_id="0" label="_A726172_1">
        <transform>0.99990731619821838 -0.001966213480815924 -0.013471934449981378 3.0559402667251581 -0.0021662608558797205 -0.9998873752449744 -0.014850728588863105 -0.15522316205558792 -0.013441217473912867 0.014878535891130196 -0.99979896121298073 -0.018260927341490419 0 0 0 1</transform>
        <rotation_covariance>1.0866766050431956e-10 2.8269848780139312e-12 -4.5600784463401588e-12 2.8269848780139316e-12 1.3602966688731144e-10 -9.973841368191729e-12 -4.5600784463401588e-12 -9.9738413681917274e-12 1.9613089441769797e-11</rotation_covariance>
        <location_covariance>1.4816866346913826e-08 1.2016396053228037e-09 5.9509077122477053e-10 1.2016396053228037e-09 1.4208807650819629e-08 9.0277176304764663e-10 5.9509077122477053e-10 9.0277176304764663e-10 2.3547492321741686e-09</location_covariance>
        <orientation>1</orientation>
      </camera>
      <camera id="28" sensor_id="0" component_id="0" label="_A726173_1">
        <transform>0.9962066752271781 -0.0088856726505803091 -0.086563878461850291 1.4747753797560306 -0.0096551483854037876 -0.99991747724078806 -0.0084744804013804353 -0.13666916241557769 -0.086481433513021122 0.0092781210363023225 -0.99621025799153895 -0.018718168042147598 0 0 0 1</transform>
        <rotation_covariance>1.0764508638943874e-10 8.1759025077845024e-12 -7.9196330616746753e-12 8.1759025077845024e-12 1.5632042308053252e-10 -9.0640723225924019e-12 -7.9196330616746753e-12 -9.0640723225924019e-12 2.3367916961933286e-11</rotation_covariance>
        <location_covariance>1.6513302184097285e-08 2.4638356484977051e-09 4.5490546424261357e-10 2.4638356484977051e-09 1.4122172858815739e-08 1.3393547890361017e-09 4.5490546424261357e-10 1.3393547890361017e-09 3.5925398393160331e-09</location_covariance>
        <orientation>1</orientation>
      </camera>
      <camera id="29" sensor_id="0" component_id="0" label="_A726174_1">
        <transform>0.9998116564362125 0.0020361774171313934 -0.019300405068362846 0.021737351497223268 0.0022244938949684372 -0.999950084105514 0.0097406839742715245 -0.097549190178123038 -0.019279607910644092 -0.0097817830123830551 -0.99976627940729745 0.079084515302873803 0 0 0 1</transform>
        <rotation_covariance>9.9658901969114195e-11 1.8829548693587075e-12 -4.1875258308938085e-12 1.8829548693587071e-12 1.6222152968058925e-10 -7.6904673305879222e-12 -4.1875258308938093e-12 -7.6904673305879222e-12 3.1932218367333579e-11</rotation_covariance>
        <location_covariance>1.8621498195876391e-08 1.8562860845571739e-09 5.896496711837728e-10 1.8562860845571739e-09 1.3392794898789155e-08 1.7745397345663573e-09 5.896496711837728e-10 1.7745397345663573e-09 6.0506973316835397e-09</location_covariance>
        <orientation>1</orientation>
      </camera>
      <camera id="30" sensor_id="0" component_id="0" label="_A726175_1">
        <transform>0.9998094439171139 -0.0015161254096618477 0.019462199718787418 -0.98260648775374571 -0.0015215696421233664 -0.99999880731857782 0.00026492875624494622 -0.063289854014808897 0.019461774841364285 -0.00029449136471984549 -0.9998105583533613 0.15127057316967066 0 0 0 1</transform>
        <rotation_covariance>9.2960553416316769e-11 -2.7631606794675727e-12 -2.981905703966918e-12 -2.7631606794675719e-12 1.6612669108457734e-10 -4.6600450458167167e-12 -2.981905703966918e-12 -4.6600450458167167e-12 3.8917356713494646e-11</rotation_covariance>
        <location_covariance>2.0429510421711662e-08 1.1020111451339195e-09 8.4361727425716052e-11 1.1020111451339195e-09 1.2853688773148166e-08 1.899068978061394e-09 8.4361727425716052e-11 1.899068978061394e-09 8.3526859537865851e-09</location_covariance>
        <orientation>1</orientation>
      </camera>
      <camera id="31" sensor_id="0" component_id="0" label="_A726176_1">
        <transform>0.99617356108337951 -0.014457117956629781 -0.08619296919613724 -2.1097124600649266 -0.01494867466607127 -0.9998754577971749 -0.00506023918577031 -0.040278614352504495 -0.086109078059088087 0.0063293471446377869 -0.99626561018662918 0.17644318733215886 0 0 0 1</transform>
        <rotation_covariance>1.0827927194031326e-10 -6.5437006728188359e-12 -8.6107985345223655e-12 -6.5437006728188334e-12 2.0416285767403568e-10 -3.2406626133871451e-12 -8.6107985345223687e-12 -3.2406626133871451e-12 4.0253715610533993e-11</rotation_covariance>
        <location_covariance>2.4545085342447562e-08 4.9200143258076279e-10 -1.0938279820057933e-09 4.9200143258076279e-10 1.5554931667272367e-08 2.9499757116296474e-09 -1.0938279820057933e-09 2.9499757116296474e-09 1.1084244741330593e-08</location_covariance>
        <orientation>1</orientation>
      </camera>
      <camera id="32" sensor_id="0" component_id="0" label="_A726177_1">
        <transform>0.99827144591151873 -0.0021004948994999997 -0.058734216593931438 -3.3650057693888704 -0.0028022462670468234 -0.999925645012539 -0.011868102717640154 -0.02047479040333218 -0.05870492052276792 0.012012175799363319 -0.99820310555466663 0.20332236868502673 0 0 0 1</transform>
        <rotation_covariance>1.0510410279104123e-10 -7.5009239581731036e-12 -6.6632928620463044e-12 -7.5009239581731036e-12 2.3160014842018698e-10 8.5190760820685789e-13 -6.663292862046306e-12 8.5190760820685789e-13 4.9539048386585435e-11</rotation_covariance>
        <location_covariance>3.02310860203126e-08 5.6730627783236689e-11 -2.2149488129313548e-09 5.6730627783236689e-11 1.5489638216376051e-08 3.2729046271082244e-09 -2.2149488129313548e-09 3.2729046271082244e-09 1.5080280272123062e-08</location_covariance>
        <orientation>1</orientation>
      </camera>
      <camera id="33" sensor_id="0" component_id="0" label="_A726178_1">
        <transform>0.9998232108353895 0.0056797573950616419 -0.017924492482230808 -4.7981640570879982 0.0054045134536270245 -0.99986731438183185 -0.015367005732812914 -0.019557624488689404 -0.018009395024316352 0.015267415851937194 -0.99972124499985593 0.16888330317996206 0 0 0 1</transform>
        <rotation_covariance>1.0030341643659716e-10 -9.3461712471030813e-12 -5.0244291339992139e-12 -9.3461712471030797e-12 2.5892624908860139e-10 6.4245534130249383e-12 -5.0244291339992139e-12 6.4245534130249383e-12 6.3466503919931191e-11</rotation_covariance>
        <location_covariance>3.7416103906147455e-08 -9.0316335562670974e-10 -3.7399400471740307e-09 -9.0316335562670974e-10 1.5546327611009679e-08 3.887861244855549e-09 -3.7399400471740307e-09 3.887861244855549e-09 2.1081337552354563e-08</location_covariance>
        <orientation>1</orientation>
      </camera>
      <camera id="34" sensor_id="0" component_id="0" label="_A726179_1">
        <transform>0.9907698522571029 -0.028824182604217499 -0.13245477098103003 -6.2006732698897329 -0.029767527181932044 -0.99954359733744247 -0.0051469745674079803 0.0069670226279193786 -0.13224596093609561 0.0090423182272763025 -0.99117568689771929 0.20172732810077978 0 0 0 1</transform>
        <rotation_covariance>1.2661043761796144e-10 2.8627622878767114e-13 -1.3810009419371201e-11 2.8627622878767069e-13 3.5409804425376214e-10 4.1258609780538286e-12 -1.3810009419371194e-11 4.1258609780538286e-12 6.96885018194849e-11</rotation_covariance>
        <location_covariance>4.8719877764842567e-08 -1.1272699685740796e-09 -5.7857607341746298e-09 -1.1272699685740796e-09 2.0446494144978174e-08 5.2246705354079125e-09 -5.7857607341746298e-09 5.2246705354079125e-09 2.7925350524692907e-08</location_covariance>
        <orientation>1</orientation>
      </camera>
      <camera id="35" sensor_id="0" component_id="0" label="_A726180_1">
        <transform>0.99998225354171622 -5.7923620961115082e-05 0.0059572851606334116 -7.2379977111087364 -1.1370905669991513e-05 -0.99996946896141914 -0.0078141548307507636 0.012680955299262652 0.0059575559026728894 0.0078139484174499785 -0.99995172370359742 0.16925326804844817 0 0 0 1</transform>
        <rotation_covariance>1.3291571946790731e-10 -2.282649166076582e-11 -6.1457075624868082e-12 -2.2826491660765823e-11 3.5675546229490808e-10 1.4061560407796473e-11 -6.145707562486809e-12 1.406156040779647e-11 9.0163495643010914e-11</rotation_covariance>
        <location_covariance>5.7395023644742265e-08 -4.4840145097336943e-09 -7.4380867431499541e-09 -4.4840145097336943e-09 2.1822828681747687e-08 5.3183941972116444e-09 -7.4380867431499541e-09 5.3183941972116444e-09 3.5044151856197266e-08</location_covariance>
        <orientation>1</orientation>
      </camera>
      <camera id="36" sensor_id="0" component_id="0" label="_A726185_1">
        <transform>0.7495955451456906 0.15980139441859481 0.64231614726675412 -6.6324637395925015 0.18931852511508923 -0.98163964717469088 0.023283022634426831 -0.30395998842329325 0.63424365566080476 0.10414949561385575 -0.76608607076319934 -0.97415513561822353 0 0 0 1</transform>
        <rotation_covariance>9.7021611947183424e-11 -3.021884971159426e-11 -3.9281862488860299e-11 -3.0218849711594247e-11 1.5790749760271228e-10 2.7244523386429173e-11 -3.9281862488860299e-11 2.724452338642917e-11 1.5378671032075735e-10</rotation_covariance>
        <location_covariance>5.740900764940993e-08 -2.1690285200613482e-09 -8.8903579096057677e-09 -2.1690285200613482e-09 1.1745372546270179e-08 2.942216672338062e-09 -8.8903579096057677e-09 2.942216672338062e-09 3.4702809910680735e-08</location_covariance>
        <orientation>1</orientation>
      </camera>
      <camera id="37" sensor_id="0" component_id="0" label="_A726186_1">
        <transform>0.76246452831787814 0.15596227210928637 0.62795191912717696 -5.5423756728220583 0.18260948221498097 -0.98293029734231818 0.022401061843555198 -0.31679130985083576 0.62072668708713696 0.097589959755351494 -0.77792967528741097 -0.96901896002972943 0 0 0 1</transform>
        <rotation_covariance>9.1207294557794851e-11 -2.6312848002030813e-11 -3.3693456504777023e-11 -2.6312848002030813e-11 1.5216581335356846e-10 2.3301909000524617e-11 -3.3693456504777017e-11 2.3301909000524617e-11 1.4219253983052622e-10</rotation_covariance>
        <location_covariance>4.9218894436552362e-08 -1.5339473724367042e-09 -6.522424198389486e-09 -1.5339473724367042e-09 1.0785581331099119e-08 2.6916051273834863e-09 -6.522424198389486e-09 2.6916051273834863e-09 2.9390716180101962e-08</location_covariance>
        <orientation>1</orientation>
      </camera>
      <camera id="38" sensor_id="0" component_id="0" label="_A726187_1">
